0.000000000000000000e+00
3.379200000000000000e+04
7.667200000000000000e+04
9.984000000000000000e+04
1.002240000000000000e+05
1.002250000000000000e+05
1.002260000000000000e+05
1.002300000000000000e+05
1.084160000000000000e+05
1.094400000000000000e+05
1.104640000000000000e+05
1.104700000000000000e+05
1.145600000000000000e+05
1.145660000000000000e+05
1.153320000000000000e+05
1.172480000000000000e+05
1.185340000000000000e+05
1.227580000000000000e+05
1.233990000000000000e+05
1.258260000000000000e+05
1.264640000000000000e+05
1.265920000000000000e+05
1.268540000000000000e+05
2.394880000000000000e+05
2.609920000000000000e+05
2.621440000000000000e+05
2.968360000000000000e+05
3.118080000000000000e+05
3.292220000000000000e+05
3.479100000000000000e+05
3.609600000000000000e+05
3.613440000000000000e+05
3.613460000000000000e+05
3.613500000000000000e+05
3.614720000000000000e+05
3.619840000000000000e+05
3.621120000000000000e+05
3.622420000000000000e+05
3.622460000000000000e+05
3.623680000000000000e+05
3.623700000000000000e+05
3.623740000000000000e+05
3.623760000000000000e+05
3.623820000000000000e+05
3.644200000000000000e+05
3.692800000000000000e+05
3.695430000000000000e+05
3.704380000000000000e+05
3.705640000000000000e+05
3.706300000000000000e+05
3.726100000000000000e+05
3.726140000000000000e+05
3.768320000000000000e+05
3.768380000000000000e+05
3.773480000000000000e+05
3.773500000000000000e+05
3.776000000000000000e+05
3.787580000000000000e+05
3.855360000000000000e+05
3.859200000000000000e+05
3.859260000000000000e+05
3.889980000000000000e+05
3.889990000000000000e+05
3.927100000000000000e+05
4.361020000000000000e+05
4.505670000000000000e+05
4.842300000000000000e+05
4.915200000000000000e+05
4.934420000000000000e+05
4.934460000000000000e+05
4.934470000000000000e+05
4.994620000000000000e+05
5.002240000000000000e+05
5.013770000000000000e+05
5.015060000000000000e+05
5.016340000000000000e+05
5.016380000000000000e+05
5.035580000000000000e+05
5.036820000000000000e+05
5.036860000000000000e+05
5.036870000000000000e+05
5.076540000000000000e+05
5.077780000000000000e+05
5.084220000000000000e+05
5.086780000000000000e+05
5.088000000000000000e+05
5.118790000000000000e+05
5.159740000000000000e+05
5.166080000000000000e+05
5.168650000000000000e+05
5.169950000000000000e+05
5.169970000000000000e+05
5.169980000000000000e+05
5.171260000000000000e+05
5.176320000000000000e+05
5.176380000000000000e+05
5.189180000000000000e+05
5.196860000000000000e+05
5.198150000000000000e+05
5.200650000000000000e+05
5.200700000000000000e+05
5.200710000000000000e+05
5.221180000000000000e+05
5.241650000000000000e+05
5.241670000000000000e+05
5.241750000000000000e+05
5.253130000000000000e+05
5.585940000000000000e+05
6.265660000000000000e+05
6.316800000000000000e+05
6.323200000000000000e+05
6.323220000000000000e+05
6.324480000000000000e+05
6.327060000000000000e+05
6.327100000000000000e+05
6.334720000000000000e+05
6.337280000000000000e+05
6.343700000000000000e+05
6.343740000000000000e+05
6.344960000000000000e+05
6.344980000000000000e+05
6.345020000000000000e+05
6.347520000000000000e+05
6.347540000000000000e+05
6.347580000000000000e+05
6.368060000000000000e+05
6.384700000000000000e+05
6.388480000000000000e+05
6.388500000000000000e+05
6.388540000000000000e+05
6.388860000000000000e+05
6.480700000000000000e+05
6.488380000000000000e+05
6.507520000000000000e+05
6.507540000000000000e+05
6.507590000000000000e+05
6.511420000000000000e+05
6.511700000000000000e+05
6.521620000000000000e+05
6.542620000000000000e+05
6.549760000000000000e+05
6.552380000000000000e+05
6.552860000000000000e+05
6.921020000000000000e+05
7.545600000000000000e+05
7.576380000000000000e+05
7.596870000000000000e+05
7.617340000000000000e+05
7.635220000000000000e+05
7.637780000000000000e+05
7.654420000000000000e+05
7.655750000000000000e+05
7.658300000000000000e+05
7.658310000000000000e+05
7.699220000000000000e+05
7.699260000000000000e+05
7.699270000000000000e+05
7.699430000000000000e+05
7.699580000000000000e+05
7.699590000000000000e+05
7.699750000000000000e+05
7.740160000000000000e+05
7.801670000000000000e+05
7.822140000000000000e+05
7.863060000000000000e+05
7.873340000000000000e+05
8.856320000000000000e+05
8.862720000000000000e+05
8.862780000000000000e+05
8.866580000000000000e+05
8.866600000000000000e+05
8.866620000000000000e+05
8.866630000000000000e+05
8.945980000000000000e+05
8.948540000000000000e+05
8.948550000000000000e+05
8.968980000000000000e+05
8.969030000000000000e+05
9.020200000000000000e+05
9.108540000000000000e+05
9.109820000000000000e+05
9.112380000000000000e+05
9.112390000000000000e+05
9.132820000000000000e+05
9.292820000000000000e+05
9.440070000000000000e+05
9.767750000000000000e+05
9.788310000000000000e+05
9.952070000000000000e+05
1.011200000000000000e+06
1.016322000000000000e+06
1.016832000000000000e+06
1.016833000000000000e+06
1.016839000000000000e+06
1.017346000000000000e+06
1.017478000000000000e+06
1.017606000000000000e+06
1.017730000000000000e+06
1.017732000000000000e+06
1.017734000000000000e+06
1.017735000000000000e+06
1.024903000000000000e+06
1.025538000000000000e+06
1.025539000000000000e+06
1.025665000000000000e+06
1.025795000000000000e+06
1.025920000000000000e+06
1.025922000000000000e+06
1.025924000000000000e+06
1.025926000000000000e+06
1.025927000000000000e+06
1.027719000000000000e+06
1.027842000000000000e+06
1.027968000000000000e+06
1.027969000000000000e+06
1.027970000000000000e+06
1.027974000000000000e+06
1.027975000000000000e+06
1.027982000000000000e+06
1.031046000000000000e+06
1.031685000000000000e+06
1.031815000000000000e+06
1.032066000000000000e+06
1.032068000000000000e+06
1.032070000000000000e+06
1.032071000000000000e+06
1.032102000000000000e+06
1.032110000000000000e+06
1.032119000000000000e+06
1.033090000000000000e+06
1.033990000000000000e+06
1.036215000000000000e+06
1.040896000000000000e+06
1.040902000000000000e+06
1.041024000000000000e+06
1.041280000000000000e+06
1.041286000000000000e+06
1.041287000000000000e+06
1.041288000000000000e+06
1.041920000000000000e+06
1.041922000000000000e+06
1.041926000000000000e+06
1.042054000000000000e+06
1.042304000000000000e+06
1.042305000000000000e+06
1.042306000000000000e+06
1.042311000000000000e+06
1.043334000000000000e+06
1.044097000000000000e+06
1.044230000000000000e+06
1.044353000000000000e+06
1.044354000000000000e+06
1.044355000000000000e+06
1.044356000000000000e+06
1.044358000000000000e+06
1.044359000000000000e+06
1.047431000000000000e+06
1.048230000000000000e+06
1.048454000000000000e+06
1.048455000000000000e+06
